5 12 0
4 12 0
3 12 0
2 12 0
1 12 0
0 12 0
1 12 1
2 12 1
3 12 1
4 12 1
5 12 1
6 12 1
7 12 1
8 12 1
9 12 1
10 12 1
11 12 1
12 12 1
13 12 1
13 11 1
13 10 1
12 10 1
11 10 1
11 9 1
11 8 1
11 7 1
10 7 1
9 7 1
8 7 2
7 7 2
6 7 2
6 6 2
6 5 2
5 5 2
5 4 2
5 3 2
5 2 2
6 2 2
7 2 2
8 2 2
9 2 2
10 2 2
10 3 2
11 3 2
12 3 2
13 3 3
14 3 3
15 3 3
16 3 4
17 3 4
17 2 4
18 2 4
19 2 4
20 2 4
21 2 4
22 2 4
22 3 4
22 4 4
22 5 4
22 6 4
23 6 4
24 6 4
25 6 4
26 6 4
26 5 4
25 5 4
25 4 4
24 4 4
24 3 4
23 3 4
23 2 4
23 1 4
24 1 4
25 1 4
25 2 4
26 2 5
27 2 6
26 2 7
25 2 7
25 3 7
25 4 7
25 5 7
25 6 7
25 7 7
26 7 8
25 7 8
24 7 8
24 8 8
24 9 8
24 10 8
25 10 8
26 10 8
25 10 9
24 10 9
23 10 9
22 10 10
22 11 10
22 12 10
21 12 10
22 12 10
21 12 11
20 12 11
19 12 11
18 12 11
17 12 11
17 11 11
17 10 11
16 10 11
15 10 11
14 10 11
13 10 11
13 11 11
13 10 11
12 10 11
11 10 11
11 9 11
11 8 11
11 7 11
10 7 12
9 7 12
8 7 12
7 7 12
6 7 12
6 6 12
6 5 12
5 5 12
5 4 12
5 3 12
5 2 12
6 2 12
5 2 13
5 1 13
4 1 13
3 1 13
3 2 13
3 3 13
3 4 13
3 5 13
3 6 13
3 7 13
3 8 13
2 8 13
1 8 13
0 8 13
0 7 13
0 6 13
0 5 13
0 4 13
0 3 13
1 3 13
2 3 13
1 3 14
0 3 14
0 2 14
0 1 14
0 0 14
